37,5
37,6
37,7
37,8
37,9
38
38,1
38,2
38,3
38,4
38,5
38,6
38,7
38,8
38,9
39
39,1
39,2
39,3
39,4
39,5
39,6
39,7
39,8
39,9
40
40,1
40,2
40,3
40,4
40,5
40,6
40,7
40,8
40,9
41
41,1
41,2
41,3
41,4
41,5
41,6
41,7
41,8
41,9
42
42,1
42,2
42,3
42,4
42,5
42,6
42,7
42,8
42,9
43
43,1
43,2
43,3
43,4
43,5
43,6
43,7
43,8
43,9
44
44,1
44,2
44,3
44,4
44,5
44,6
44,7
44,8
44,9
45
45,1
45,2
45,3
45,4
45,5
45,6
45,7
45,8
45,9
46
46,1
46,2
46,3
46,4
46,5
46,6
46,7
46,8
46,9
47
47,1
47,2
47,3
47,4
47,5
47,6
47,7
47,8
47,9
48
48,1
48,2
48,3
48,4
48,5
48,6
48,7
48,8
48,9
49
49,1
49,2
49,3
49,4
49,5
49,6
49,7
49,8
49,9
50
50,1
50,2
50,3
50,4
50,5
50,6
50,7
50,8
50,9
51
51,1
51,2
51,3
51,4
51,5
51,6
51,7
51,8
51,9
52
52,1
52,2
52,3
52,4
52,5
52,6
52,7
52,8
52,9
53
53,1
53,2
53,3
53,4
53,5
53,57