53,57
53,6
53,7
53,8
53,9
54
54,1
54,2
54,3
54,4
54,5
54,6
54,7
54,8
54,9
55
55,1
55,2
55,3
55,4
55,5
55,6
55,7
55,8
55,9
56
56,1
56,2
56,3
56,4
56,5
56,6
56,7
56,8
56,9
57
57,1
57,2
57,3
57,4
57,5
57,6
57,7
57,8
57,9
58
58,1
58,2
58,3
58,4
58,5
58,6
58,7
58,8
58,9
59
59,1
59,2
59,3
59,4
59,5
59,6
59,7
59,8
59,9
60
60,1
60,2
60,3
60,4
60,5
60,6
60,7
60,8
60,9
61
61,1
61,2
61,3
61,4
61,5
61,6
61,7
61,8
61,9
62
62,1
62,2
62,3
62,4
62,5
62,6
62,7
62,8
62,9
63
63,1
63,2
63,3
63,4
63,5
63,6
63,7
63,8
63,9
64
64,1
64,2
64,3
64,4
64,5
64,6
64,7
64,8
64,9
65
65,1
65,2
65,3
65,4
65,5
65,6
65,7
65,8
65,9
66
66,1
66,2
66,3
66,4
66,5
66,6
66,7
66,8
66,9
67
67,1
67,2
67,3
67,4
67,5
67,6
67,7
67,8
67,9
68
68,1
68,2
68,3
68,4
68,5
68,6
68,7
68,8
68,9
69
69,1
69,2
69,3
69,4
69,5
69,6
69,7
69,8
69,9
70
70,1
70,2
70,3
70,4
70,5
70,6
70,7
70,8
70,9
71
71,1
71,2
71,3
71,4
71,5
71,6
71,7
71,8
71,9
72
72,1
72,2
72,3
72,4
72,5
72,6
72,7
72,8
72,9
73
73,1
73,2
73,3
73,4
73,5
73,6
73,7
73,8
73,9
74
74,1
74,2
74,3
74,4
74,5
74,6
74,7
74,8
74,9
75
75,1
75,2
75,3
75,4
75,5
75,6
75,7
75,8
75,9
76
76,1
76,2
76,3
76,4
76,5
76,6
76,7
76,8
76,9
77
77,1
77,2
77,3
77,4
77,5
77,6
77,7
77,8
77,9
78
78,1
78,2
78,3
78,33